1000
1000
999
998
998
998
997
995
993
992
992
992
992
992
990
990
990
989
988
988
987
985
985
983
983
983
982
982
982
980
979
979
977
976
976
975
973
973
968
967
967
962
961
961
960
960
960
957
956
955
955
954
948
948
947
947
944
944
942
942
940
938
938
938
938
936
935
935
934
930
929
929
928
925
924
922
921
920
920
916
916
915
915
914
914
911
911
910
909
908
907
907
902
902
901
901
899
899
898
897
894
890
890
888
888
887
887
886
886
885
884
884
883
883
882
882
881
879
879
879
876
873
873
873
873
873
872
872
871
871
867
866
866
865
864
862
861
859
859
854
854
853
852
849
849
848
846
844
844
843
843
842
842
842
840
840
839
839
839
838
837
837
837
836
833
832
830
828
828
828
828
827
827
826
826
823
822
821
820
819
819
818
816
816
815
815
812
811
810
807
807
804
803
800
799
799
795
792
792
791
789
789
787
780
779
779
778
777
777
775
775
774
774
773
771
769
769
768
768
767
766
766
765
765
763
763
762
761
760
759
756
755
754
753
752
752
751
750
750
749
747
747
745
745
744
742
742
742
741
740
739
737
736
736
735
735
734
734
733
731
731
730
730
730
727
726
725
725
721
718
716
714
712
712
712
710
709
709
707
707
706
705
704
703
703
703
703
703
702
701
701
698
697
696
695
694
693
693
688
688
687
684
684
682
680
679
679
679
679
679
678
675
674
674
672
671
668
667
666
665
663
662
662
662
660
659
658
658
658
657
657
657
654
654
652
652
651
650
650
650
649
648
647
644
644
642
641
639
639
637
636
636
634
634
631
630
629
629
628
626
625
622
620
620
620
619
618
618
617
617
615
614
614
613
612
611
611
610
610
607
607
607
606
603
602
601
600
598
595
595
595
594
593
593
593
592
590
588
588
586
585
584
584
583
583
582
582
577
577
576
575
575
574
573
573
572
572
571
570
568
568
567
565
564
563
563
563
562
561
561
561
559
557
556
556
555
555
554
554
553
551
550
550
547
547
547
546
543
543
542
542
542
539
538
538
536
534
534
532
532
531
530
529
529
528
528
524
520
520
516
516
514
514
513
513
512
510
510
510
508
506
506
504
504
504
503
503
500
499
498
497
496
496
496
496
495
495
494
494
493
493
486
485
485
484
482
481
480
479
479
478
478
478
476
476
476
475
470
467
466
465
464
463
462
462
461
461
460
459
458
457
456
456
455
455
454
454
453
453
452
451
450
445
444
444
443
442
439
437
435
432
431
431
430
429
427
425
424
424
422
422
421
421
420
420
419
418
418
418
417
417
415
415
414
414
414
414
413
412
411
410
408
406
404
401
401
401
400
398
398
397
396
396
396
389
388
388
387
387
387
384
383
381
381
381
380
379
379
376
374
374
374
373
373
371
369
368
367
366
365
364
363
363
362
360
358
358
356
355
355
354
354
353
351
350
350
349
348
347
347
346
345
343
343
343
342
341
341
340
340
340
339
339
338
337
337
335
335
334
334
334
332
332
331
331
330
330
329
327
326
325
324
322
321
320
320
318
318
318
317
317
312
312
311
309
308
307
307
307
307
305
305
305
304
304
303
302
301
301
301
301
299
297
296
296
295
292
290
287
287
287
286
285
285
283
283
281
280
280
278
278
278
278
275
275
272
272
271
269
268
268
267
266
266
266
264
263
263
262
260
259
258
257
256
254
254
253
251
249
249
246
246
246
245
244
244
241
239
239
238
236
235
232
230
229
227
225
225
225
224
222
222
222
222
220
219
219
215
214
213
212
212
210
210
209
209
209
208
206
205
204
204
203
202
201
200
199
199
198
198
198
196
195
194
194
193
191
189
189
188
186
186
185
185
183
182
181
180
180
178
177
176
176
174
173
171
171
171
170
169
169
169
167
167
167
165
164
162
162
161
160
158
157
157
156
155
154
154
154
153
153
153
152
152
150
150
149
148
145
144
144
143
143
141
141
141
138
138
137
137
136
135
135
135
132
131
131
130
129
129
128
128
126
126
126
125
125
123
120
119
118
117
116
116
116
110
107
107
102
101
100
98
98
98
98
97
97
97
96
94
94
93
89
86
86
86
85
85
83
81
81
79
76
75
75
74
74
73
71
70
67
67
67
65
65
63
58
58
57
57
56
56
55
55
54
53
52
50
49
49
44
44
43
42
40
40
36
36
34
32
32
31
30
30
27
26
26
24
24
23
23
20
20
19
19
18
17
17
17
15
14
12
12
11
10
9
9
8
8
7
7
7
6
6
6
4
4
3
3
2
1
