10000
10000
9999
9998
9993
9993
9992
9991
9991
9989
9988
9987
9987
9986
9986
9984
9984
9984
9983
9983
9981
9978
9977
9977
9975
9974
9973
9970
9969
9969
9969
9966
9966
9966
9964
9963
9962
9962
9962
9960
9958
9954
9954
9953
9953
9952
9952
9950
9950
9950
9949
9947
9946
9945
9945
9944
9941
9940
9940
9940
9940
9939
9938
9936
9934
9933
9930
9929
9928
9926
9923
9923
9923
9922
9921
9920
9918
9918
9917
9916
9915
9915
9913
9910
9906
9905
9905
9904
9904
9903
9902
9902
9900
9900
9900
9900
9899
9898
9897
9897
9894
9893
9888
9888
9886
9886
9886
9884
9884
9884
9884
9882
9879
9878
9878
9877
9877
9876
9874
9874
9872
9871
9871
9870
9869
9868
9866
9864
9864
9862
9862
9859
9859
9854
9853
9852
9851
9851
9850
9850
9849
9849
9846
9844
9844
9843
9843
9840
9838
9836
9835
9832
9831
9830
9829
9829
9828
9828
9828
9827
9826
9826
9826
9826
9826
9825
9825
9824
9824
9821
9820
9820
9819
9819
9819
9818
9817
9817
9816
9814
9813
9809
9809
9808
9808
9805
9805
9805
9805
9804
9804
9804
9803
9802
9802
9801
9801
9801
9800
9799
9799
9798
9797
9797
9796
9795
9794
9793
9793
9792
9792
9792
9790
9789
9789
9788
9788
9787
9786
9786
9786
9785
9785
9784
9784
9783
9783
9782
9782
9779
9776
9776
9774
9774
9774
9773
9773
9770
9769
9768
9767
9766
9766
9765
9764
9763
9762
9760
9759
9757
9757
9757
9755
9754
9754
9752
9752
9752
9752
9751
9751
9749
9748
9746
9745
9744
9744
9743
9743
9743
9743
9742
9741
9739
9737
9736
9735
9730
9728
9726
9725
9724
9723
9723
9722
9722
9719
9717
9716
9715
9714
9714
9714
9712
9710
9708
9708
9703
9701
9700
9700
9698
9695
9694
9693
9692
9692
9689
9688
9687
9687
9685
9685
9685
9684
9683
9682
9682
9682
9681
9681
9678
9678
9678
9676
9676
9675
9675
9673
9672
9671
9670
9670
9670
9670
9667
9666
9665
9665
9664
9664
9664
9664
9663
9663
9663
9661
9660
9660
9660
9659
9659
9657
9657
9654
9653
9652
9652
9648
9648
9648
9648
9647
9646
9645
9643
9642
9642
9641
9640
9640
9634
9634
9634
9632
9631
9631
9630
9630
9628
9628
9627
9627
9627
9626
9626
9626
9621
9619
9619
9618
9617
9616
9615
9615
9614
9613
9612
9611
9610
9609
9608
9608
9605
9604
9603
9602
9602
9602
9601
9601
9600
9600
9597
9597
9595
9594
9594
9594
9593
9593
9592
9591
9590
9586
9585
9584
9582
9582
9581
9581
9580
9578
9577
9575
9575
9574
9572
9572
9572
9572
9571
9570
9569
9569
9569
9567
9566
9566
9564
9554
9552
9549
9549
9546
9545
9544
9544
9543
9541
9541
9539
9539
9538
9537
9536
9536
9535
9534
9531
9530
9528
9528
9527
9526
9525
9522
9521
9520
9520
9517
9517
9516
9516
9516
9516
9515
9514
9512
9510
9510
9510
9507
9507
9504
9503
9499
9498
9498
9496
9496
9496
9494
9494
9493
9491
9491
9490
9488
9487
9487
9483
9481
9481
9480
9479
9478
9476
9475
9475
9475
9474
9473
9473
9472
9471
9470
9470
9468
9468
9468
9467
9467
9465
9465
9464
9462
9461
9461
9460
9459
9459
9457
9457
9454
9450
9448
9447
9446
9444
9444
9443
9442
9441
9440
9440
9439
9436
9435
9434
9433
9433
9432
9431
9430
9430
9429
9426
9426
9425
9423
9422
9420
9419
9419
9418
9418
9416
9416
9416
9415
9414
9414
9413
9413
9412
9410
9410
9410
9409
9408
9407
9405
9404
9403
9403
9402
9402
9401
9400
9399
9398
9397
9397
9396
9396
9395
9391
9390
9389
9389
9388
9387
9387
9387
9386
9386
9385
9385
9383
9382
9379
9379
9379
9378
9376
9376
9376
9375
9374
9373
9373
9372
9372
9372
9371
9370
9370
9369
9369
9369
9368
9363
9363
9361
9360
9359
9358
9358
9358
9358
9355
9355
9352
9351
9350
9350
9347
9345
9344
9343
9343
9343
9342
9342
9340
9339
9336
9336
9336
9333
9333
9331
9328
9328
9326
9326
9323
9321
9321
9319
9319
9318
9317
9317
9315
9313
9312
9312
9311
9309
9309
9308
9308
9307
9307
9307
9306
9305
9304
9304
9304
9304
9300
9300
9299
9299
9298
9297
9297
9294
9294
9294
9292
9291
9288
9287
9287
9287
9286
9285
9284
9284
9282
9281
9279
9278
9277
9275
9275
9274
9273
9273
9273
9272
9271
9271
9269
9269
9266
9265
9263
9260
9257
9254
9251
9250
9249
9249
9248
9246
9243
9243
9243
9242
9238
9237
9234
9232
9228
9227
9226
9225
9224
9223
9223
9222
9220
9219
9218
9217
9214
9212
9212
9212
9211
9208
9207
9206
9206
9206
9206
9206
9205
9204
9203
9202
9200
9199
9199
9199
9198
9197
9196
9194
9192
9191
9191
9190
9189
9189
9188
9188
9187
9186
9186
9185
9177
9177
9176
9176
9176
9175
9172
9171
9170
9170
9168
9166
9163
9160
9158
9156
9156
9155
9154
9150
9150
9150
9148
9147
9146
9146
9146
9145
9145
9145
9145
9144
9142
9140
9139
9139
9138
9136
9136
9135
9134
9133
9133
9132
9132
9131
9131
9130
9129
9129
9127
9127
9126
9126
9125
9123
9123
9122
9121
9120
9120
9117
9116
9110
9109
9109
9106
9103
9103
9102
9102
9101
9100
9098
9096
9094
9093
9093
9091
9091
9091
9090
9090
9090
9089
9087
9087
9086
9086
9085
9083
9082
9082
9080
9077
9077
9077
9077
9075
9075
9075
9075
9074
9074
9073
9073
9071
9070
9069
9068
9067
9067
9067
9065
9062
9061
9058
9058
9058
9055
9055
9054
9054
9053
9053
9053
9053
9051
9050
9050
9049
9049
9049
9046
9044
9044
9043
9043
9043
9043
9043
9040
9039
9039
9038
9037
9036
9036
9036
9033
9033
9030
9030
9030
9030
9026
9026
9026
9025
9021
9020
9018
9018
9018
9017
9017
9014
9013
9013
9011
9011
9009
9008
9008
9007
9006
9005
9005
9003
9002
9001
9000
8998
8991
8989
8989
8989
8988
8988
8988
8987
8987
8987
8986
8985
8985
8983
8983
8982
8982
8979
8979
8977
8975
8975
8975
8973
8969
8968
8968
8966
8966
8964
8964
8963
8963
8963
8961
8960
8959
8958
8958
8956
8954
8954
8954
8952
8951
8950
8948
8947
8946
8946
8943
8943
8943
8941
8940
8940
8939
8938
8937
8937
8936
8935
8935
8932
8932
8931
8930
8930
8929
8929
8927
8926
8925
8920
8920
8918
8918
8915
8915
8915
8913
8910
8910
8909
8908
8908
8906
8906
8905
8905
8905
8904
8900
8900
8899
8898
8896
8895
8895
8893
8892
8892
8889
8889
8888
8887
8887
8885
8885
8883
8883
8881
8881
8880
8879
8879
8878
8875
8875
8875
8874
8872
8870
8869
8869
8868
8867
8865
8865
8865
8865
8864
8863
8863
8863
8861
8861
8861
8859
8858
8857
8857
8856
8855
8854
8854
8853
8852
8852
8850
8848
8848
8847
8846
8846
8845
8844
8844
8844
8843
8840
8839
8838
8837
8836
8836
8835
8835
8835
8834
8833
8833
8832
8832
8832
8831
8830
8830
8829
8829
8828
8828
8826
8826
8826
8825
8825
8825
8824
8823
8823
8823
8823
8822
8821
8821
8819
8818
8817
8815
8815
8813
8812
8812
8810
8807
8807
8805
8804
8804
8802
8800
8799
8798
8796
8795
8795
8794
8791
8791
8789
8789
8788
8788
8788
8787
8786
8786
8785
8784
8783
8783
8783
8782
8782
8777
8777
8777
8776
8776
8776
8775
8775
8774
8774
8773
8773
8772
8772
8772
8771
8771
8771
8768
8768
8765
8765
8764
8763
8762
8762
8762
8759
8759
8758
8757
8757
8756
8756
8755
8754
8753
8750
8748
8746
8746
8745
8744
8743
8742
8742
8741
8740
8740
8739
8734
8734
8733
8732
8732
8731
8730
8729
8728
8728
8728
8728
8727
8726
8726
8725
8725
8723
8723
8721
8721
8721
8721
8719
8719
8718
8715
8715
8714
8712
8711
8711
8710
8710
8709
8709
8708
8706
8705
8705
8704
8704
8702
8702
8701
8700
8700
8700
8700
8699
8697
8695
8694
8693
8692
8689
8689
8688
8688
8687
8681
8680
8679
8679
8678
8677
8677
8676
8676
8675
8675
8674
8673
8673
8672
8670
8670
8669
8668
8668
8668
8666
8666
8665
8664
8663
8663
8661
8660
8658
8658
8658
8657
8656
8656
8654
8654
8654
8653
8652
8651
8650
8648
8648
8648
8645
8640
8640
8635
8635
8634
8631
8631
8630
8629
8627
8627
8627
8626
8625
8625
8624
8623
8622
8620
8620
8619
8618
8618
8617
8616
8615
8614
8614
8614
8610
8609
8608
8606
8604
8603
8603
8601
8600
8600
8598
8597
8596
8593
8592
8591
8589
8588
8588
8587
8587
8586
8585
8585
8583
8582
8580
8580
8580
8576
8576
8576
8575
8573
8572
8571
8570
8568
8566
8565
8565
8564
8564
8563
8561
8561
8561
8561
8560
8557
8556
8556
8555
8554
8553
8550
8550
8545
8544
8543
8542
8541
8541
8540
8540
8539
8538
8538
8538
8538
8537
8537
8532
8531
8531
8530
8529
8529
8528
8527
8527
8526
8524
8523
8522
8520
8519
8517
8517
8516
8516
8515
8514
8514
8513
8511
8511
8511
8511
8509
8509
8509
8508
8508
8508
8503
8500
8499
8499
8497
8496
8494
8492
8491
8491
8490
8489
8488
8488
8487
8484
8481
8480
8479
8478
8477
8475
8475
8474
8474
8473
8473
8472
8472
8470
8470
8467
8467
8466
8466
8462
8461
8460
8460
8459
8459
8456
8456
8454
8454
8451
8446
8445
8444
8444
8444
8443
8443
8443
8442
8441
8441
8440
8439
8438
8437
8437
8437
8435
8434
8430
8430
8429
8429
8428
8428
8428
8427
8426
8425
8425
8425
8425
8425
8424
8422
8421
8421
8420
8419
8418
8418
8416
8416
8414
8413
8413
8412
8411
8411
8410
8410
8410
8410
8409
8406
8403
8402
8402
8399
8399
8399
8398
8395
8395
8394
8394
8394
8394
8392
8391
8390
8389
8388
8387
8387
8386
8385
8385
8385
8383
8383
8383
8382
8380
8379
8376
8375
8374
8370
8370
8370
8368
8367
8367
8366
8365
8365
8364
8363
8361
8360
8360
8359
8356
8355
8355
8354
8352
8352
8351
8349
8348
8345
8344
8344
8344
8341
8341
8340
8339
8339
8338
8337
8336
8334
8334
8330
8328
8328
8326
8325
8324
8324
8319
8318
8316
8315
8315
8314
8313
8313
8310
8310
8309
8308
8308
8306
8305
8305
8304
8297
8297
8295
8293
8293
8293
8292
8292
8291
8291
8291
8290
8290
8289
8287
8286
8286
8285
8284
8283
8282
8282
8282
8282
8281
8281
8280
8278
8278
8276
8276
8276
8276
8274
8274
8273
8273
8272
8271
8270
8269
8266
8266
8265
8264
8263
8261
8261
8259
8257
8256
8256
8256
8251
8250
8250
8245
8244
8244
8242
8241
8241
8239
8238
8237
8232
8232
8231
8230
8229
8227
8225
8225
8224
8223
8223
8223
8222
8222
8221
8220
8220
8220
8219
8217
8216
8216
8214
8214
8213
8213
8212
8211
8211
8210
8209
8208
8208
8206
8205
8203
8202
8202
8201
8200
8199
8199
8196
8195
8194
8194
8193
8193
8192
8191
8191
8190
8190
8189
8189
8188
8187
8187
8185
8185
8185
8181
8179
8179
8179
8179
8178
8177
8175
8175
8175
8173
8173
8173
8172
8172
8172
8170
8170
8170
8169
8169
8168
8166
8166
8166
8165
8159
8159
8158
8158
8157
8157
8156
8155
8155
8154
8152
8151
8151
8149
8146
8146
8144
8143
8143
8142
8139
8139
8139
8138
8137
8136
8136
8135
8135
8134
8130
8129
8128
8127
8127
8124
8124
8124
8124
8123
8122
8121
8120
8117
8117
8115
8114
8113
8112
8111
8108
8107
8106
8106
8106
8105
8104
8103
8101
8100
8096
8096
8096
8095
8093
8093
8092
8092
8092
8092
8091
8089
8089
8087
8086
8085
8085
8085
8084
8082
8082
8079
8077
8075
8073
8073
8072
8072
8071
8069
8068
8067
8067
8065
8064
8062
8060
8060
8057
8057
8056
8053
8052
8052
8052
8049
8049
8048
8048
8046
8046
8045
8045
8043
8043
8043
8042
8041
8041
8041
8038
8034
8034
8033
8033
8032
8029
8029
8029
8028
8027
8026
8024
8024
8024
8024
8022
8021
8021
8019
8019
8017
8016
8014
8013
8008
8008
8007
8006
8003
8003
8002
8002
8000
7999
7998
7995
7995
7990
7989
7989
7988
7986
7986
7985
7984
7984
7983
7983
7983
7981
7981
7978
7978
7975
7973
7972
7970
7970
7970
7968
7968
7966
7966
7964
7963
7963
7963
7963
7962
7961
7958
7957
7953
7952
7951
7950
7949
7948
7948
7946
7946
7945
7944
7943
7943
7942
7942
7941
7941
7940
7937
7936
7933
7932
7929
7926
7924
7923
7921
7921
7920
7919
7919
7918
7917
7917
7916
7914
7913
7913
7910
7910
7909
7908
7906
7906
7905
7905
7904
7903
7901
7900
7900
7900
7898
7898
7898
7896
7896
7896
7895
7895
7895
7894
7891
7891
7890
7889
7888
7887
7887
7886
7885
7883
7883
7880
7878
7878
7876
7875
7873
7873
7873
7873
7872
7869
7868
7868
7868
7867
7865
7862
7862
7861
7859
7857
7855
7855
7853
7853
7853
7853
7851
7850
7848
7847
7847
7847
7846
7844
7844
7840
7837
7837
7836
7836
7835
7834
7832
7830
7828
7828
7827
7821
7821
7821
7820
7819
7817
7817
7816
7813
7810
7810
7809
7808
7808
7806
7804
7803
7801
7800
7796
7796
7795
7794
7794
7790
7789
7789
7788
7786
7786
7786
7786
7786
7783
7783
7782
7782
7782
7781
7780
7778
7777
7775
7775
7774
7773
7773
7773
7772
7769
7769
7767
7766
7766
7766
7764
7764
7762
7762
7761
7760
7759
7757
7756
7755
7753
7752
7751
7751
7750
7747
7747
7746
7746
7746
7745
7745
7742
7741
7741
7740
7740
7739
7739
7739
7739
7738
7737
7737
7737
7737
7735
7733
7730
7729
7723
7721
7718
7717
7716
7716
7716
7716
7715
7713
7712
7711
7709
7709
7708
7708
7708
7705
7704
7704
7703
7702
7702
7702
7701
7701
7700
7700
7697
7696
7696
7688
7686
7686
7684
7684
7683
7682
7680
7680
7680
7679
7679
7678
7676
7676
7676
7676
7674
7673
7673
7672
7667
7666
7666
7666
7665
7665
7664
7664
7663
7662
7661
7661
7660
7659
7658
7654
7653
7653
7652
7652
7652
7652
7652
7651
7650
7650
7649
7649
7648
7648
7648
7644
7644
7643
7641
7639
7638
7638
7638
7636
7636
7635
7634
7634
7632
7631
7631
7629
7628
7627
7627
7624
7623
7623
7621
7621
7620
7616
7616
7616
7614
7613
7613
7611
7610
7609
7609
7608
7607
7606
7605
7602
7602
7602
7601
7599
7598
7598
7597
7597
7596
7596
7595
7595
7592
7592
7592
7591
7591
7591
7591
7590
7590
7590
7590
7590
7589
7588
7588
7587
7586
7584
7583
7579
7578
7576
7575
7574
7574
7573
7571
7569
7567
7567
7567
7565
7565
7562
7562
7562
7561
7559
7558
7556
7556
7556
7556
7553
7552
7552
7552
7550
7549
7549
7547
7547
7546
7545
7544
7544
7543
7542
7541
7541
7541
7540
7540
7539
7539
7539
7539
7535
7534
7531
7531
7530
7530
7528
7528
7527
7526
7525
7525
7525
7524
7523
7523
7523
7522
7519
7517
7517
7516
7516
7514
7513
7510
7510
7510
7507
7506
7506
7503
7503
7503
7502
7499
7499
7497
7496
7496
7495
7494
7494
7494
7493
7491
7489
7488
7488
7487
7487
7486
7486
7483
7482
7482
7482
7480
7479
7478
7478
7475
7475
7474
7473
7473
7472
7471
7471
7471
7469
7469
7467
7467
7465
7464
7463
7462
7461
7460
7459
7458
7455
7451
7450
7450
7450
7448
7448
7446
7444
7444
7439
7438
7438
7432
7432
7432
7431
7430
7429
7427
7426
7425
7425
7424
7423
7421
7420
7419
7418
7418
7417
7417
7416
7415
7415
7414
7413
7413
7412
7412
7411
7411
7411
7411
7411
7410
7408
7408
7407
7407
7406
7406
7404
7404
7404
7404
7402
7401
7400
7399
7399
7399
7399
7393
7393
7390
7390
7389
7389
7389
7388
7386
7386
7386
7384
7383
7380
7380
7379
7378
7376
7376
7374
7374
7372
7372
7371
7370
7370
7368
7368
7368
7366
7366
7364
7364
7363
7361
7361
7360
7358
7358
7357
7356
7356
7355
7354
7352
7351
7350
7349
7349
7349
7349
7345
7345
7343
7343
7342
7342
7340
7340
7339
7339
7338
7338
7336
7336
7334
7334
7334
7332
7332
7330
7329
7325
7325
7323
7323
7321
7317
7313
7313
7312
7311
7310
7309
7306
7306
7306
7305
7304
7304
7304
7303
7303
7302
7301
7301
7299
7299
7296
7296
7296
7295
7293
7293
7292
7292
7291
7291
7289
7289
7288
7288
7288
7287
7287
7285
7284
7283
7281
7281
7280
7279
7275
7274
7272
7272
7271
7270
7270
7267
7266
7263
7261
7261
7260
7253
7253
7253
7252
7251
7249
7249
7249
7248
7247
7247
7245
7243
7243
7242
7242
7242
7240
7238
7238
7234
7233
7231
7228
7227
7227
7227
7226
7225
7223
7222
7222
7220
7220
7218
7216
7214
7214
7213
7213
7212
7208
7208
7207
7207
7207
7204
7202
7200
7200
7198
7195
7194
7193
7190
7188
7188
7186
7186
7184
7184
7182
7182
7180
7179
7178
7177
7175
7174
7170
7169
7169
7167
7166
7165
7162
7161
7160
7159
7158
7157
7157
7155
7153
7153
7152
7152
7151
7151
7150
7148
7148
7148
7146
7146
7146
7144
7144
7139
7139
7139
7138
7137
7137
7137
7136
7133
7132
7132
7132
7131
7131
7130
7128
7128
7126
7125
7124
7122
7122
7122
7121
7120
7120
7120
7118
7117
7114
7112
7111
7110
7108
7106
7106
7106
7103
7101
7101
7100
7099
7098
7098
7098
7095
7095
7095
7095
7093
7093
7093
7093
7093
7092
7091
7090
7088
7087
7086
7085
7084
7081
7080
7080
7079
7076
7075
7074
7073
7071
7071
7071
7070
7070
7068
7068
7068
7067
7066
7061
7061
7060
7060
7058
7058
7057
7056
7056
7055
7055
7055
7054
7053
7053
7051
7047
7047
7047
7045
7044
7042
7041
7041
7041
7040
7038
7036
7034
7032
7031
7031
7030
7030
7028
7028
7027
7026
7026
7025
7025
7024
7024
7023
7022
7022
7022
7021
7021
7021
7019
7019
7017
7017
7017
7015
7014
7014
7014
7013
7011
7008
7005
7005
7003
7002
7001
7001
7001
7000
6997
6995
6993
6993
6993
6993
6993
6992
6992
6990
6990
6988
6988
6987
6986
6986
6986
6983
6983
6983
6981
6980
6979
6977
6975
6973
6969
6969
6968
6967
6967
6964
6959
6959
6958
6958
6958
6957
6956
6951
6951
6951
6951
6950
6948
6948
6947
6947
6946
6945
6943
6942
6942
6942
6941
6940
6939
6938
6935
6932
6932
6931
6930
6930
6927
6927
6926
6925
6925
6924
6923
6923
6922
6921
6920
6917
6916
6915
6913
6913
6913
6913
6913
6913
6913
6909
6909
6909
6906
6906
6906
6904
6903
6901
6900
6900
6900
6897
6897
6896
6893
6892
6889
6888
6888
6885
6881
6880
6880
6879
6877
6876
6876
6875
6875
6875
6874
6872
6872
6872
6870
6870
6868
6866
6866
6865
6865
6865
6864
6864
6864
6861
6858
6855
6855
6854
6853
6852
6851
6850
6848
6846
6846
6846
6846
6845
6845
6845
6845
6842
6841
6840
6839
6838
6838
6838
6837
6834
6833
6830
6830
6829
6827
6826
6822
6822
6821
6818
6817
6817
6813
6812
6811
6809
6807
6806
6802
6798
6797
6794
6792
6791
6791
6789
6789
6789
6788
6787
6787
6786
6781
6780
6780
6779
6778
6777
6776
6776
6775
6775
6775
6772
6772
6771
6770
6769
6769
6768
6767
6766
6760
6759
6759
6757
6757
6757
6757
6755
6754
6753
6753
6752
6752
6751
6751
6750
6750
6748
6748
6747
6744
6744
6744
6743
6741
6739
6739
6738
6735
6734
6733
6733
6727
6726
6725
6724
6724
6722
6722
6722
6719
6719
6719
6716
6715
6715
6714
6714
6713
6712
6711
6709
6709
6707
6707
6707
6706
6705
6705
6704
6703
6701
6700
6700
6700
6699
6699
6698
6696
6695
6694
6694
6693
6691
6690
6690
6689
6689
6688
6687
6687
6686
6686
6684
6684
6684
6683
6680
6679
6676
6676
6676
6674
6674
6673
6672
6672
6672
6671
6670
6669
6669
6668
6668
6667
6667
6666
6664
6663
6663
6663
6661
6661
6660
6660
6658
6653
6651
6651
6648
6648
6646
6645
6645
6645
6644
6644
6640
6637
6636
6636
6634
6634
6634
6633
6633
6632
6631
6630
6630
6629
6626
6625
6625
6623
6622
6620
6620
6618
6617
6616
6616
6613
6612
6606
6606
6603
6601
6601
6600
6597
6596
6595
6594
6592
6592
6590
6590
6590
6590
6587
6584
6584
6584
6583
6583
6583
6581
6581
6581
6580
6580
6579
6576
6576
6576
6575
6575
6575
6574
6572
6570
6570
6570
6570
6570
6568
6566
6565
6562
6562
6560
6560
6560
6557
6557
6556
6555
6555
6552
6551
6551
6551
6549
6548
6545
6543
6542
6541
6541
6540
6539
6538
6538
6537
6537
6537
6537
6536
6534
6534
6534
6533
6532
6530
6530
6530
6529
6528
6528
6527
6526
6526
6525
6525
6522
6522
6520
6517
6516
6515
6514
6511
6510
6509
6508
6507
6507
6502
6502
6502
6500
6499
6497
6496
6494
6494
6494
6493
6492
6492
6492
6487
6487
6484
6484
6480
6479
6478
6476
6475
6475
6474
6473
6473
6470
6469
6469
6466
6465
6464
6464
6462
6461
6461
6459
6458
6458
6458
6456
6456
6456
6455
6455
6454
6454
6454
6453
6453
6452
6452
6449
6447
6444
6441
6441
6440
6439
6439
6437
6437
6436
6434
6433
6433
6433
6432
6432
6431
6431
6431
6429
6428
6428
6427
6426
6423
6423
6421
6420
6418
6417
6416
6415
6415
6411
6410
6410
6409
6408
6406
6405
6403
6403
6403
6402
6399
6398
6393
6392
6392
6392
6391
6390
6390
6385
6385
6385
6384
6384
6383
6383
6381
6381
6381
6380
6379
6379
6378
6375
6375
6375
6375
6375
6375
6374
6373
6372
6372
6371
6369
6369
6367
6367
6364
6362
6362
6362
6361
6359
6358
6358
6357
6356
6355
6355
6352
6351
6349
6347
6347
6347
6344
6344
6343
6343
6341
6341
6338
6337
6335
6335
6335
6335
6335
6335
6335
6334
6334
6333
6333
6333
6332
6332
6331
6330
6330
6330
6329
6327
6327
6327
6326
6326
6326
6325
6325
6325
6324
6323
6323
6321
6321
6320
6319
6316
6315
6313
6311
6311
6310
6310
6308
6308
6308
6308
6306
6304
6304
6302
6302
6302
6302
6300
6298
6298
6294
6292
6291
6291
6291
6290
6290
6289
6289
6289
6288
6287
6285
6285
6285
6284
6284
6283
6283
6282
6282
6282
6280
6276
6275
6275
6275
6274
6273
6267
6267
6265
6265
6264
6264
6263
6262
6261
6261
6260
6259
6258
6257
6255
6255
6254
6253
6251
6251
6251
6251
6250
6250
6249
6246
6245
6244
6244
6240
6238
6236
6236
6236
6235
6233
6232
6230
6227
6226
6225
6225
6224
6224
6223
6223
6222
6222
6221
6220
6220
6220
6216
6215
6215
6212
6212
6208
6207
6205
6205
6204
6203
6202
6201
6199
6195
6194
6194
6193
6192
6192
6192
6192
6191
6190
6190
6190
6189
6189
6188
6187
6187
6186
6186
6186
6184
6184
6183
6182
6179
6179
6178
6178
6176
6175
6172
6172
6172
6171
6170
6168
6167
6166
6165
6163
6162
6162
6161
6161
6161
6160
6160
6159
6158
6157
6157
6156
6153
6149
6149
6148
6146
6145
6145
6143
6143
6143
6142
6142
6142
6141
6138
6138
6137
6137
6135
6135
6132
6132
6131
6131
6127
6127
6127
6127
6126
6126
6125
6124
6124
6124
6121
6120
6119
6118
6118
6117
6116
6115
6115
6115
6114
6114
6113
6113
6113
6113
6112
6112
6111
6110
6108
6108
6107
6105
6101
6099
6098
6097
6097
6096
6095
6094
6094
6094
6094
6093
6093
6092
6092
6091
6091
6090
6090
6088
6088
6088
6088
6088
6087
6086
6085
6085
6084
6079
6079
6079
6075
6074
6074
6073
6071
6070
6069
6067
6067
6066
6066
6065
6065
6064
6062
6061
6061
6058
6057
6056
6056
6054
6054
6053
6053
6052
6049
6048
6047
6047
6047
6046
6044
6044
6043
6042
6040
6038
6037
6036
6034
6034
6033
6033
6032
6032
6031
6030
6029
6028
6027
6026
6025
6025
6022
6020
6020
6019
6018
6017
6016
6013
6013
6012
6008
6008
6005
6005
6003
6001
5998
5995
5995
5994
5992
5989
5988
5988
5987
5983
5981
5980
5979
5979
5978
5976
5976
5975
5974
5974
5974
5973
5971
5970
5970
5969
5969
5968
5967
5967
5965
5962
5962
5961
5960
5960
5959
5957
5957
5956
5955
5955
5955
5954
5953
5953
5953
5952
5952
5951
5950
5950
5949
5948
5947
5947
5944
5944
5943
5943
5943
5942
5942
5940
5939
5939
5939
5939
5937
5935
5934
5932
5929
5929
5928
5928
5928
5928
5927
5927
5925
5925
5924
5923
5923
5922
5921
5921
5920
5920
5917
5917
5917
5917
5916
5915
5915
5915
5914
5914
5912
5912
5908
5908
5907
5907
5906
5901
5901
5900
5897
5896
5894
5893
5892
5892
5889
5889
5889
5888
5885
5883
5882
5881
5880
5879
5878
5877
5875
5875
5874
5874
5874
5872
5871
5870
5870
5869
5868
5867
5866
5864
5862
5861
5861
5860
5859
5858
5858
5857
5856
5855
5854
5854
5852
5851
5851
5850
5849
5849
5845
5843
5842
5841
5841
5841
5840
5840
5840
5840
5838
5837
5836
5833
5833
5833
5832
5831
5829
5828
5828
5827
5826
5824
5824
5822
5820
5820
5819
5819
5818
5816
5816
5815
5814
5814
5813
5812
5810
5810
5810
5810
5807
5806
5805
5805
5805
5804
5804
5803
5803
5801
5801
5800
5798
5798
5797
5796
5793
5790
5790
5788
5787
5787
5786
5785
5783
5783
5783
5782
5779
5779
5779
5778
5778
5777
5775
5772
5771
5769
5767
5766
5766
5764
5763
5762
5762
5760
5758
5758
5757
5757
5757
5756
5755
5753
5752
5751
5751
5751
5750
5750
5750
5748
5748
5746
5746
5745
5744
5744
5743
5743
5741
5739
5739
5737
5735
5735
5735
5734
5734
5729
5728
5728
5725
5725
5725
5724
5724
5721
5721
5720
5720
5720
5718
5718
5717
5715
5714
5714
5714
5714
5713
5712
5712
5711
5710
5710
5710
5708
5707
5707
5706
5706
5705
5704
5703
5702
5701
5700
5700
5700
5699
5698
5698
5696
5693
5692
5692
5690
5689
5688
5686
5686
5685
5685
5685
5682
5682
5680
5680
5677
5676
5676
5675
5675
5673
5670
5670
5670
5669
5667
5667
5666
5666
5666
5666
5664
5663
5659
5659
5657
5657
5656
5653
5650
5648
5647
5645
5641
5640
5638
5637
5635
5635
5634
5632
5631
5629
5629
5628
5628
5627
5626
5626
5624
5622
5621
5620
5620
5619
5619
5618
5616
5614
5614
5612
5612
5612
5612
5610
5608
5608
5608
5607
5605
5605
5604
5604
5604
5604
5602
5601
5600
5599
5598
5598
5597
5596
5595
5592
5591
5591
5591
5590
5589
5588
5588
5588
5586
5585
5585
5583
5582
5582
5582
5582
5579
5578
5576
5575
5572
5572
5572
5571
5571
5571
5571
5568
5568
5567
5566
5565
5562
5562
5560
5558
5558
5558
5557
5556
5556
5556
5555
5554
5552
5550
5549
5548
5548
5548
5547
5545
5543
5543
5543
5541
5540
5540
5539
5539
5538
5538
5537
5537
5536
5535
5535
5534
5532
5531
5530
5530
5529
5527
5527
5527
5526
5526
5526
5524
5524
5523
5523
5522
5521
5519
5518
5517
5517
5517
5517
5517
5514
5513
5512
5510
5509
5509
5507
5506
5502
5500
5498
5497
5496
5496
5494
5493
5492
5491
5488
5487
5486
5486
5485
5485
5484
5483
5481
5480
5478
5474
5473
5472
5471
5471
5470
5469
5469
5468
5467
5467
5466
5466
5464
5463
5463
5463
5461
5457
5456
5453
5453
5452
5452
5450
5450
5448
5447
5446
5446
5446
5446
5445
5445
5445
5444
5440
5437
5437
5436
5435
5434
5433
5432
5432
5430
5430
5430
5428
5428
5427
5427
5427
5427
5425
5425
5423
5421
5421
5420
5419
5418
5418
5417
5416
5415
5414
5413
5411
5409
5408
5407
5406
5405
5405
5403
5400
5396
5395
5395
5394
5394
5391
5391
5390
5389
5388
5387
5386
5385
5385
5384
5384
5383
5383
5383
5383
5381
5380
5379
5379
5377
5376
5375
5374
5374
5374
5373
5372
5371
5370
5370
5370
5366
5364
5363
5363
5362
5360
5359
5358
5357
5357
5354
5354
5353
5353
5353
5352
5352
5352
5351
5351
5350
5350
5350
5349
5348
5346
5344
5340
5340
5339
5339
5339
5339
5337
5337
5335
5334
5332
5331
5330
5329
5329
5327
5326
5326
5326
5323
5323
5322
5320
5317
5315
5315
5313
5312
5311
5310
5309
5308
5308
5307
5306
5306
5306
5305
5303
5302
5302
5300
5300
5300
5300
5299
5299
5298
5296
5295
5294
5292
5292
5292
5291
5291
5290
5288
5287
5285
5284
5283
5283
5283
5282
5282
5282
5282
5281
5281
5281
5280
5280
5280
5279
5277
5274
5274
5272
5272
5271
5269
5269
5269
5268
5268
5267
5265
5263
5261
5261
5259
5258
5258
5257
5253
5252
5252
5251
5250
5250
5248
5247
5245
5245
5245
5245
5243
5243
5241
5241
5239
5239
5239
5238
5238
5237
5237
5235
5231
5231
5227
5226
5226
5222
5219
5216
5216
5215
5214
5212
5210
5209
5209
5208
5206
5206
5204
5204
5203
5203
5201
5200
5200
5199
5198
5198
5198
5196
5193
5192
5190
5190
5188
5187
5185
5185
5185
5185
5184
5183
5180
5179
5179
5177
5177
5172
5172
5172
5171
5165
5164
5164
5163
5157
5156
5156
5156
5156
5156
5155
5154
5154
5153
5152
5150
5149
5148
5146
5144
5144
5143
5143
5142
5142
5141
5140
5139
5138
5137
5137
5136
5136
5135
5133
5132
5130
5129
5127
5125
5125
5124
5124
5123
5122
5121
5121
5119
5119
5119
5116
5114
5112
5112
5110
5110
5110
5109
5108
5108
5106
5105
5104
5104
5103
5101
5101
5099
5098
5097
5095
5095
5095
5095
5095
5094
5093
5093
5093
5093
5092
5091
5091
5091
5090
5089
5087
5087
5086
5086
5086
5085
5085
5085
5084
5084
5083
5083
5083
5081
5080
5080
5080
5079
5079
5077
5076
5074
5073
5073
5071
5071
5069
5067
5067
5065
5065
5062
5062
5062
5061
5060
5059
5059
5058
5058
5056
5056
5055
5055
5054
5054
5053
5053
5052
5051
5045
5044
5043
5042
5041
5041
5040
5039
5039
5039
5038
5037
5036
5035
5033
5032
5032
5030
5029
5028
5026
5025
5024
5023
5023
5022
5021
5021
5020
5019
5018
5017
5016
5015
5014
5014
5014
5011
5007
5007
5006
5005
5002
5002
4999
4999
4999
4997
4996
4996
4991
4990
4990
4989
4989
4988
4987
4984
4984
4984
4984
4983
4983
4982
4981
4980
4980
4979
4979
4978
4977
4975
4974
4973
4972
4972
4972
4970
4970
4969
4968
4967
4966
4965
4965
4965
4965
4964
4964
4962
4959
4958
4957
4957
4956
4955
4955
4955
4954
4953
4952
4951
4951
4950
4950
4949
4949
4946
4946
4944
4943
4942
4941
4940
4940
4939
4938
4937
4933
4932
4928
4928
4927
4925
4923
4922
4921
4920
4918
4915
4914
4913
4911
4910
4909
4908
4906
4906
4906
4903
4903
4902
4901
4900
4900
4898
4897
4897
4894
4893
4891
4891
4890
4890
4889
4887
4887
4887
4886
4881
4877
4877
4877
4874
4872
4868
4868
4867
4867
4865
4863
4862
4862
4862
4861
4860
4859
4857
4857
4855
4855
4853
4853
4851
4851
4850
4849
4847
4847
4846
4845
4845
4842
4840
4840
4840
4838
4838
4838
4836
4835
4834
4832
4830
4829
4827
4827
4827
4826
4825
4823
4822
4821
4821
4821
4818
4815
4815
4814
4813
4810
4810
4809
4809
4806
4804
4804
4803
4803
4803
4802
4800
4800
4799
4799
4798
4798
4796
4796
4795
4795
4795
4794
4794
4792
4791
4788
4786
4786
4786
4785
4784
4783
4782
4782
4782
4781
4780
4779
4779
4778
4776
4776
4775
4773
4772
4772
4771
4771
4768
4767
4766
4766
4765
4764
4763
4760
4759
4758
4758
4758
4757
4757
4756
4755
4755
4752
4747
4746
4744
4744
4743
4742
4742
4742
4741
4737
4736
4735
4735
4735
4734
4733
4730
4729
4727
4726
4725
4724
4723
4723
4722
4721
4718
4718
4718
4716
4716
4716
4714
4714
4713
4712
4711
4710
4709
4706
4705
4705
4704
4704
4704
4703
4700
4699
4698
4697
4697
4695
4693
4691
4691
4691
4686
4686
4685
4685
4685
4685
4685
4679
4678
4677
4676
4676
4676
4675
4673
4672
4672
4670
4667
4666
4666
4665
4665
4662
4661
4661
4659
4658
4658
4654
4652
4651
4651
4650
4647
4646
4644
4644
4642
4641
4639
4638
4637
4637
4635
4633
4632
4631
4628
4627
4626
4625
4625
4622
4621
4621
4618
4618
4618
4617
4616
4615
4614
4611
4610
4609
4607
4604
4603
4603
4602
4602
4600
4599
4597
4597
4595
4594
4592
4590
4587
4586
4584
4583
4582
4582
4581
4581
4581
4579
4576
4576
4575
4572
4571
4569
4569
4568
4568
4568
4567
4567
4564
4563
4563
4562
4561
4560
4559
4559
4559
4557
4557
4557
4556
4554
4553
4553
4553
4553
4552
4552
4552
4552
4549
4547
4545
4545
4545
4544
4543
4540
4538
4538
4537
4535
4534
4533
4532
4532
4532
4530
4529
4526
4523
4523
4522
4521
4520
4520
4519
4518
4517
4517
4516
4516
4511
4511
4510
4510
4509
4509
4507
4506
4505
4504
4502
4501
4499
4499
4497
4496
4496
4494
4494
4493
4490
4489
4488
4487
4486
4486
4485
4484
4484
4484
4483
4483
4479
4479
4478
4477
4477
4476
4474
4473
4472
4471
4467
4463
4458
4458
4457
4457
4454
4454
4452
4449
4449
4447
4447
4447
4447
4446
4446
4445
4441
4439
4438
4438
4437
4435
4435
4434
4434
4433
4433
4432
4432
4431
4427
4426
4425
4424
4422
4421
4421
4420
4419
4418
4418
4417
4415
4415
4414
4414
4413
4412
4411
4411
4410
4410
4410
4407
4406
4405
4405
4405
4404
4403
4400
4398
4396
4395
4395
4395
4393
4392
4392
4391
4391
4390
4390
4388
4387
4386
4385
4385
4384
4384
4383
4383
4381
4381
4381
4380
4379
4378
4377
4377
4376
4375
4373
4373
4372
4370
4370
4368
4367
4367
4367
4367
4362
4361
4361
4360
4359
4357
4357
4356
4356
4356
4354
4354
4352
4351
4349
4349
4346
4346
4345
4344
4343
4341
4341
4340
4338
4335
4333
4332
4322
4322
4320
4320
4319
4318
4317
4317
4314
4312
4312
4311
4309
4308
4305
4304
4304
4303
4302
4302
4301
4301
4300
4298
4298
4297
4297
4296
4296
4295
4294
4292
4292
4290
4290
4288
4287
4287
4287
4285
4283
4278
4277
4276
4273
4267
4266
4266
4265
4265
4264
4263
4262
4260
4257
4257
4255
4253
4249
4247
4245
4244
4244
4243
4243
4242
4239
4239
4238
4238
4237
4237
4236
4236
4235
4230
4228
4227
4227
4223
4222
4221
4221
4221
4219
4218
4217
4217
4217
4216
4211
4210
4210
4209
4209
4207
4207
4206
4206
4205
4204
4204
4204
4204
4203
4203
4202
4202
4199
4198
4197
4196
4195
4194
4193
4192
4191
4191
4189
4188
4188
4188
4187
4186
4186
4185
4184
4183
4181
4179
4177
4176
4176
4175
4174
4174
4174
4173
4171
4170
4169
4168
4166
4164
4163
4163
4163
4162
4162
4161
4161
4160
4158
4158
4157
4157
4156
4155
4153
4152
4152
4151
4149
4148
4146
4146
4143
4143
4141
4140
4140
4140
4140
4138
4138
4135
4135
4134
4133
4131
4131
4130
4130
4130
4130
4129
4129
4129
4127
4126
4126
4125
4124
4123
4122
4118
4117
4117
4116
4116
4116
4115
4115
4114
4114
4114
4113
4113
4113
4111
4110
4109
4109
4106
4106
4106
4106
4105
4104
4104
4104
4102
4101
4101
4100
4097
4097
4096
4095
4094
4094
4093
4093
4093
4093
4090
4090
4089
4089
4088
4086
4085
4084
4083
4083
4082
4081
4078
4076
4075
4074
4074
4073
4073
4068
4066
4066
4066
4065
4064
4059
4058
4057
4057
4055
4055
4055
4054
4054
4054
4054
4052
4050
4047
4047
4046
4045
4045
4044
4044
4042
4042
4041
4040
4040
4037
4036
4035
4031
4030
4029
4028
4025
4024
4024
4023
4022
4021
4016
4016
4016
4016
4015
4012
4011
4011
4008
4008
4006
4006
4004
4002
4002
4000
4000
3999
3998
3998
3998
3996
3993
3993
3990
3989
3988
3988
3987
3987
3985
3985
3985
3983
3983
3978
3977
3977
3976
3976
3975
3975
3975
3971
3969
3966
3965
3964
3964
3964
3960
3960
3960
3959
3959
3959
3959
3957
3956
3955
3954
3954
3954
3953
3952
3951
3949
3949
3949
3948
3948
3947
3945
3945
3945
3942
3942
3940
3939
3939
3938
3937
3937
3937
3936
3936
3935
3934
3934
3932
3932
3929
3928
3927
3925
3925
3923
3922
3921
3920
3920
3919
3918
3917
3913
3913
3911
3911
3911
3909
3906
3905
3905
3903
3900
3897
3897
3896
3895
3893
3892
3892
3891
3890
3889
3889
3888
3888
3888
3887
3885
3884
3882
3882
3879
3877
3877
3877
3876
3876
3875
3873
3873
3873
3871
3870
3870
3870
3869
3869
3866
3865
3864
3864
3863
3863
3863
3862
3861
3860
3860
3859
3854
3851
3851
3850
3850
3849
3848
3847
3847
3847
3845
3845
3844
3841
3840
3839
3834
3833
3831
3830
3827
3827
3827
3827
3827
3826
3825
3825
3824
3824
3823
3823
3822
3822
3821
3821
3821
3820
3818
3817
3817
3816
3814
3814
3812
3810
3810
3810
3809
3809
3806
3806
3805
3804
3799
3798
3798
3797
3794
3788
3783
3783
3783
3782
3781
3781
3780
3778
3778
3772
3771
3771
3769
3769
3767
3767
3766
3766
3766
3765
3765
3765
3765
3765
3765
3763
3762
3762
3761
3760
3759
3756
3755
3755
3751
3750
3750
3749
3747
3744
3743
3742
3741
3740
3740
3738
3736
3736
3736
3735
3734
3734
3733
3731
3731
3730
3729
3729
3728
3727
3726
3724
3723
3722
3722
3722
3722
3718
3717
3717
3716
3713
3711
3710
3709
3708
3707
3707
3705
3705
3704
3702
3700
3699
3696
3696
3696
3695
3695
3693
3693
3692
3692
3690
3690
3690
3688
3686
3686
3685
3685
3685
3685
3684
3683
3682
3681
3681
3681
3679
3679
3678
3677
3676
3674
3673
3673
3673
3672
3672
3671
3671
3670
3670
3670
3669
3669
3669
3669
3667
3666
3666
3664
3664
3662
3661
3661
3660
3659
3659
3657
3657
3656
3655
3654
3654
3652
3650
3649
3648
3643
3643
3643
3642
3641
3641
3640
3640
3639
3637
3636
3635
3632
3632
3632
3632
3629
3628
3627
3627
3627
3627
3626
3625
3625
3625
3624
3622
3621
3621
3621
3619
3618
3618
3613
3613
3611
3611
3609
3608
3606
3604
3604
3603
3602
3599
3599
3598
3598
3598
3598
3598
3595
3595
3594
3594
3593
3592
3591
3590
3587
3586
3586
3580
3580
3580
3577
3576
3575
3575
3574
3573
3573
3572
3571
3570
3570
3570
3567
3567
3561
3561
3560
3560
3560
3558
3557
3557
3556
3556
3555
3554
3552
3551
3551
3551
3550
3549
3548
3548
3548
3547
3546
3544
3543
3543
3542
3541
3540
3538
3536
3536
3536
3533
3531
3530
3529
3526
3526
3525
3525
3524
3523
3523
3522
3521
3520
3519
3518
3518
3518
3518
3516
3515
3515
3511
3510
3509
3508
3506
3505
3505
3505
3504
3502
3500
3499
3499
3499
3497
3497
3496
3496
3496
3496
3495
3494
3494
3493
3492
3492
3491
3488
3488
3487
3486
3483
3483
3480
3478
3476
3475
3474
3474
3473
3472
3471
3471
3469
3469
3468
3466
3466
3465
3462
3462
3460
3459
3457
3457
3455
3455
3453
3453
3450
3447
3446
3445
3445
3442
3442
3441
3439
3434
3430
3429
3429
3428
3428
3428
3428
3426
3425
3422
3422
3421
3419
3418
3418
3418
3418
3416
3415
3414
3414
3413
3411
3411
3411
3410
3410
3409
3409
3408
3405
3404
3403
3402
3402
3401
3398
3397
3397
3397
3397
3396
3395
3390
3386
3386
3384
3384
3381
3381
3379
3378
3376
3374
3373
3373
3373
3372
3371
3370
3366
3366
3364
3363
3363
3362
3361
3360
3360
3360
3359
3358
3357
3357
3356
3354
3354
3354
3352
3350
3350
3348
3347
3347
3347
3345
3345
3344
3344
3343
3342
3342
3342
3341
3340
3338
3337
3336
3335
3334
3333
3333
3332
3332
3331
3331
3329
3328
3326
3325
3325
3325
3324
3324
3322
3321
3319
3319
3318
3317
3315
3315
3314
3314
3313
3313
3311
3309
3309
3308
3306
3306
3306
3305
3305
3304
3302
3301
3301
3299
3299
3298
3297
3296
3294
3292
3292
3290
3290
3289
3286
3285
3283
3282
3278
3277
3275
3274
3274
3274
3272
3271
3270
3269
3265
3262
3262
3261
3260
3258
3258
3257
3256
3256
3255
3254
3254
3249
3248
3247
3245
3244
3243
3242
3242
3242
3241
3241
3240
3239
3239
3238
3237
3237
3237
3236
3235
3234
3233
3233
3233
3232
3230
3229
3229
3225
3224
3222
3222
3221
3221
3219
3219
3218
3217
3216
3216
3213
3213
3213
3213
3210
3210
3210
3208
3207
3205
3205
3204
3204
3203
3203
3203
3202
3202
3200
3200
3198
3198
3197
3196
3194
3194
3192
3191
3189
3188
3187
3180
3177
3176
3175
3173
3172
3170
3170
3170
3169
3169
3168
3167
3166
3165
3164
3164
3163
3162
3162
3161
3161
3161
3160
3159
3156
3155
3155
3151
3150
3148
3147
3147
3147
3146
3145
3145
3143
3142
3141
3141
3141
3141
3140
3138
3138
3136
3136
3136
3132
3132
3131
3131
3131
3130
3129
3129
3129
3128
3127
3123
3122
3120
3120
3120
3118
3118
3117
3117
3117
3115
3114
3114
3112
3112
3112
3111
3109
3108
3108
3106
3104
3104
3102
3101
3100
3100
3099
3098
3098
3098
3097
3097
3096
3094
3093
3093
3092
3089
3089
3089
3088
3087
3087
3086
3086
3085
3084
3080
3076
3076
3075
3074
3070
3069
3069
3069
3069
3068
3068
3068
3065
3065
3065
3064
3062
3062
3062
3061
3060
3057
3056
3055
3055
3053
3053
3051
3051
3050
3050
3050
3048
3047
3047
3047
3045
3045
3044
3044
3042
3041
3039
3038
3038
3037
3033
3030
3029
3029
3029
3028
3028
3028
3027
3024
3023
3022
3021
3021
3020
3020
3019
3017
3017
3014
3013
3013
3012
3012
3010
3008
3007
3007
3007
3007
3004
3004
3003
3003
3003
3001
3001
3001
3001
2997
2997
2996
2995
2995
2995
2992
2992
2991
2991
2990
2988
2987
2987
2986
2986
2986
2986
2985
2984
2984
2983
2983
2983
2981
2981
2979
2978
2977
2975
2973
2972
2972
2971
2970
2968
2968
2965
2964
2962
2962
2960
2959
2959
2957
2957
2955
2955
2953
2952
2952
2951
2951
2950
2949
2949
2949
2948
2947
2947
2946
2946
2943
2942
2942
2942
2939
2937
2937
2937
2935
2933
2932
2931
2928
2926
2924
2923
2923
2922
2920
2919
2918
2916
2916
2915
2913
2913
2913
2913
2912
2912
2911
2910
2908
2908
2908
2906
2904
2901
2901
2900
2899
2899
2898
2897
2897
2896
2892
2892
2890
2890
2888
2887
2887
2885
2885
2884
2882
2881
2881
2878
2878
2878
2877
2876
2875
2875
2874
2872
2872
2871
2870
2870
2870
2869
2869
2868
2867
2867
2866
2865
2863
2861
2859
2858
2857
2857
2857
2856
2856
2853
2852
2851
2850
2849
2849
2847
2847
2846
2845
2843
2841
2841
2839
2838
2836
2834
2834
2834
2833
2831
2830
2830
2829
2828
2828
2827
2827
2824
2821
2818
2817
2816
2816
2815
2814
2812
2810
2808
2807
2807
2807
2807
2806
2803
2802
2800
2798
2795
2794
2793
2786
2786
2785
2785
2785
2782
2780
2779
2779
2778
2777
2775
2775
2774
2773
2772
2772
2770
2764
2759
2758
2758
2758
2757
2756
2754
2752
2749
2749
2748
2748
2747
2746
2746
2744
2744
2744
2743
2743
2742
2742
2742
2740
2740
2740
2740
2739
2737
2736
2736
2730
2729
2728
2726
2726
2724
2724
2724
2723
2722
2719
2718
2718
2717
2717
2716
2716
2715
2715
2715
2713
2712
2710
2710
2710
2707
2706
2703
2700
2700
2699
2698
2698
2697
2696
2696
2696
2693
2690
2689
2689
2688
2687
2686
2686
2683
2681
2681
2681
2680
2680
2679
2679
2678
2678
2675
2675
2675
2674
2674
2671
2669
2668
2667
2667
2667
2667
2665
2661
2661
2660
2660
2658
2658
2656
2656
2655
2655
2655
2652
2652
2652
2652
2651
2649
2648
2648
2647
2647
2646
2645
2644
2644
2642
2642
2641
2640
2638
2637
2635
2635
2634
2633
2633
2633
2632
2631
2631
2631
2630
2628
2627
2627
2626
2625
2622
2622
2620
2616
2613
2613
2612
2611
2611
2610
2608
2607
2607
2606
2605
2604
2603
2602
2600
2600
2598
2597
2595
2594
2594
2592
2591
2590
2590
2590
2590
2588
2588
2585
2585
2585
2584
2583
2582
2581
2581
2581
2580
2580
2579
2577
2575
2575
2575
2575
2572
2571
2568
2567
2567
2567
2567
2566
2566
2566
2565
2564
2564
2563
2562
2561
2559
2559
2556
2555
2554
2554
2554
2553
2553
2551
2551
2550
2548
2547
2547
2547
2545
2544
2543
2542
2541
2541
2540
2540
2540
2539
2536
2535
2534
2533
2532
2532
2531
2529
2528
2526
2523
2522
2521
2520
2520
2518
2517
2517
2516
2516
2515
2514
2514
2513
2513
2513
2512
2512
2510
2509
2508
2508
2507
2506
2506
2506
2502
2502
2501
2496
2496
2496
2495
2495
2494
2493
2492
2492
2492
2491
2489
2484
2484
2484
2484
2483
2483
2483
2481
2480
2479
2476
2476
2475
2474
2474
2472
2471
2469
2468
2467
2463
2462
2459
2459
2458
2457
2456
2456
2455
2455
2454
2452
2452
2452
2451
2451
2451
2450
2450
2450
2450
2447
2444
2444
2443
2439
2438
2437
2434
2433
2433
2432
2432
2432
2432
2431
2431
2430
2427
2425
2424
2423
2423
2423
2422
2422
2421
2414
2414
2414
2414
2411
2409
2408
2407
2407
2407
2406
2402
2402
2401
2399
2399
2397
2397
2396
2395
2394
2393
2392
2390
2390
2389
2388
2388
2387
2384
2384
2383
2383
2382
2380
2380
2379
2378
2378
2378
2377
2376
2376
2375
2374
2373
2373
2371
2371
2370
2369
2368
2365
2364
2364
2362
2361
2361
2360
2360
2359
2355
2355
2355
2353
2352
2350
2349
2349
2348
2345
2344
2344
2343
2343
2341
2340
2338
2338
2338
2338
2337
2336
2334
2334
2333
2330
2330
2330
2329
2329
2326
2325
2325
2325
2324
2324
2320
2319
2317
2317
2317
2315
2314
2314
2312
2312
2312
2311
2309
2306
2303
2303
2303
2302
2300
2300
2300
2299
2297
2296
2294
2293
2293
2293
2293
2291
2290
2290
2287
2285
2284
2284
2284
2281
2281
2279
2278
2278
2275
2275
2274
2274
2270
2269
2268
2267
2267
2266
2264
2263
2262
2262
2259
2258
2258
2258
2255
2255
2254
2254
2253
2253
2253
2253
2251
2250
2249
2248
2248
2247
2247
2247
2247
2245
2244
2244
2244
2243
2243
2243
2243
2241
2241
2241
2240
2240
2240
2239
2238
2238
2237
2237
2237
2237
2235
2235
2235
2234
2234
2233
2231
2231
2230
2230
2228
2224
2224
2224
2222
2221
2219
2217
2217
2216
2216
2216
2216
2215
2215
2215
2213
2212
2212
2212
2211
2211
2211
2210
2209
2206
2205
2204
2203
2200
2200
2199
2198
2198
2197
2197
2195
2193
2193
2192
2192
2191
2190
2189
2186
2186
2186
2185
2184
2183
2183
2182
2180
2180
2178
2178
2177
2177
2175
2175
2173
2172
2169
2168
2167
2167
2166
2164
2164
2162
2158
2157
2156
2156
2155
2152
2151
2150
2150
2150
2146
2146
2141
2141
2141
2141
2140
2139
2139
2138
2138
2137
2135
2134
2134
2134
2134
2131
2129
2128
2128
2127
2127
2124
2123
2122
2122
2120
2120
2119
2118
2117
2117
2116
2116
2115
2115
2114
2112
2112
2111
2111
2108
2108
2104
2104
2104
2103
2102
2099
2097
2094
2093
2093
2093
2093
2091
2090
2090
2090
2089
2088
2085
2085
2085
2085
2083
2083
2081
2081
2079
2079
2077
2075
2074
2071
2071
2071
2069
2068
2066
2065
2064
2064
2064
2063
2059
2058
2057
2057
2055
2054
2050
2050
2050
2050
2050
2047
2046
2045
2044
2042
2039
2039
2039
2039
2038
2038
2038
2037
2036
2036
2035
2032
2031
2031
2030
2029
2028
2027
2026
2022
2020
2020
2020
2018
2015
2014
2014
2014
2013
2012
2011
2010
2010
2010
2009
2009
2007
2005
2004
2004
2004
2002
1999
1998
1998
1998
1998
1997
1995
1995
1994
1990
1989
1988
1988
1988
1987
1986
1986
1986
1984
1983
1982
1979
1979
1979
1978
1977
1977
1977
1976
1976
1974
1973
1973
1972
1971
1971
1970
1970
1970
1969
1966
1965
1965
1965
1964
1964
1963
1961
1961
1960
1959
1957
1957
1956
1955
1954
1953
1950
1950
1948
1948
1948
1946
1945
1945
1944
1943
1943
1942
1941
1940
1939
1938
1937
1934
1934
1933
1933
1932
1931
1929
1929
1928
1927
1926
1926
1926
1925
1921
1921
1920
1919
1919
1918
1918
1917
1917
1917
1917
1916
1916
1916
1914
1914
1913
1913
1912
1912
1910
1909
1909
1908
1908
1907
1906
1905
1904
1904
1903
1903
1902
1902
1901
1900
1897
1897
1896
1895
1894
1894
1893
1893
1892
1892
1891
1890
1889
1888
1887
1885
1885
1884
1884
1884
1883
1883
1882
1881
1880
1879
1878
1877
1877
1876
1875
1874
1874
1874
1873
1872
1869
1868
1866
1865
1865
1865
1864
1863
1860
1860
1859
1859
1858
1857
1855
1855
1853
1853
1852
1850
1850
1849
1847
1847
1845
1845
1843
1843
1843
1842
1837
1835
1834
1834
1834
1833
1831
1831
1830
1830
1829
1829
1828
1827
1826
1826
1826
1824
1824
1823
1823
1823
1822
1822
1821
1820
1816
1816
1816
1814
1814
1812
1812
1809
1809
1808
1808
1808
1807
1805
1804
1802
1798
1797
1796
1796
1795
1795
1793
1792
1792
1792
1792
1790
1789
1788
1788
1787
1785
1781
1780
1780
1780
1780
1780
1778
1777
1777
1777
1776
1775
1774
1772
1772
1771
1770
1769
1768
1767
1765
1762
1758
1757
1757
1757
1756
1753
1753
1753
1749
1748
1747
1746
1745
1744
1744
1743
1743
1741
1741
1739
1739
1738
1735
1734
1733
1732
1731
1728
1728
1728
1723
1723
1723
1722
1722
1722
1722
1721
1721
1721
1721
1719
1719
1718
1718
1717
1717
1715
1712
1711
1710
1709
1708
1706
1703
1703
1703
1702
1696
1694
1692
1692
1691
1689
1689
1688
1688
1688
1688
1686
1686
1686
1685
1685
1684
1682
1681
1680
1679
1678
1677
1677
1676
1675
1675
1674
1673
1673
1671
1671
1670
1670
1669
1668
1668
1667
1663
1662
1659
1658
1657
1656
1654
1652
1651
1649
1648
1648
1645
1644
1642
1641
1637
1636
1634
1633
1631
1629
1628
1628
1626
1625
1624
1622
1620
1619
1619
1618
1618
1618
1615
1614
1614
1612
1612
1610
1609
1609
1608
1608
1607
1606
1605
1604
1604
1603
1601
1601
1601
1600
1599
1599
1599
1599
1599
1598
1596
1594
1594
1594
1594
1592
1592
1592
1591
1591
1589
1586
1584
1584
1583
1582
1581
1580
1577
1577
1577
1576
1576
1575
1574
1574
1573
1573
1573
1571
1571
1568
1567
1567
1567
1566
1566
1566
1566
1566
1566
1564
1563
1563
1563
1562
1562
1560
1560
1560
1556
1556
1555
1555
1554
1553
1551
1551
1549
1548
1547
1546
1545
1543
1542
1540
1540
1538
1537
1536
1534
1533
1533
1532
1532
1532
1531
1529
1529
1529
1527
1527
1526
1526
1526
1524
1523
1517
1516
1514
1514
1513
1513
1511
1510
1510
1509
1505
1503
1503
1498
1498
1498
1497
1496
1494
1493
1492
1491
1487
1487
1487
1485
1483
1479
1479
1478
1478
1477
1477
1476
1475
1475
1474
1474
1474
1473
1473
1472
1472
1472
1472
1468
1468
1468
1468
1466
1461
1461
1460
1460
1456
1455
1455
1455
1454
1452
1450
1449
1449
1447
1447
1446
1444
1444
1443
1443
1442
1441
1441
1440
1439
1438
1438
1437
1436
1435
1435
1434
1432
1432
1432
1432
1431
1430
1429
1429
1428
1428
1424
1423
1421
1418
1415
1415
1414
1410
1410
1409
1408
1407
1407
1407
1404
1403
1402
1401
1400
1399
1397
1393
1393
1392
1391
1391
1389
1386
1385
1385
1385
1384
1384
1383
1383
1382
1381
1380
1377
1377
1377
1376
1376
1374
1374
1372
1370
1368
1368
1367
1367
1367
1365
1365
1364
1360
1359
1358
1357
1355
1355
1355
1353
1352
1351
1351
1350
1349
1348
1347
1346
1346
1345
1344
1344
1341
1341
1339
1337
1336
1336
1334
1331
1331
1330
1329
1329
1327
1327
1325
1323
1320
1318
1317
1316
1316
1316
1314
1312
1312
1311
1310
1306
1306
1305
1305
1303
1301
1301
1301
1301
1301
1300
1300
1300
1299
1299
1291
1291
1290
1290
1288
1288
1288
1288
1287
1286
1282
1281
1279
1278
1278
1277
1277
1276
1275
1274
1274
1271
1268
1267
1264
1263
1262
1258
1258
1257
1256
1256
1255
1254
1254
1252
1248
1248
1245
1244
1243
1243
1240
1240
1239
1232
1231
1230
1228
1225
1225
1221
1220
1218
1217
1216
1215
1211
1209
1208
1206
1206
1203
1202
1201
1200
1200
1198
1197
1196
1196
1195
1194
1194
1194
1193
1192
1191
1189
1184
1184
1182
1182
1180
1179
1178
1177
1175
1174
1172
1172
1171
1170
1168
1168
1168
1168
1165
1164
1164
1164
1162
1162
1161
1159
1159
1159
1157
1157
1156
1155
1155
1155
1154
1154
1154
1153
1150
1150
1148
1147
1147
1146
1146
1146
1145
1144
1142
1142
1141
1140
1137
1136
1135
1132
1129
1129
1127
1126
1125
1123
1123
1122
1121
1120
1119
1118
1118
1115
1115
1115
1115
1113
1112
1112
1112
1111
1109
1108
1107
1107
1106
1106
1106
1103
1103
1103
1101
1101
1100
1100
1098
1098
1097
1096
1096
1094
1092
1091
1090
1090
1090
1089
1088
1088
1087
1087
1086
1083
1079
1078
1078
1075
1072
1072
1072
1070
1070
1070
1069
1068
1063
1063
1062
1060
1059
1059
1057
1056
1056
1054
1054
1053
1053
1050
1049
1042
1040
1039
1037
1032
1028
1028
1027
1026
1026
1024
1024
1021
1020
1020
1019
1018
1016
1016
1014
1014
1014
1014
1014
1013
1010
1008
1008
1007
1006
1006
1006
1005
1005
1004
999
999
999
998
996
995
995
993
993
993
992
990
990
990
988
987
987
985
984
984
983
982
981
981
980
980
979
979
978
976
976
975
975
973
972
972
972
971
971
971
971
970
968
968
965
965
964
963
963
962
962
961
961
961
960
960
959
959
958
958
957
956
954
953
952
951
951
950
950
950
949
949
948
947
946
945
944
944
942
942
941
940
940
939
938
937
937
937
937
936
936
936
936
935
935
935
935
935
934
933
931
930
930
930
929
927
925
923
923
923
920
916
915
913
912
912
912
912
911
911
908
906
905
905
904
903
902
901
900
898
897
895
895
895
894
893
891
888
888
887
886
885
884
884
883
882
882
881
880
878
877
875
875
874
872
871
871
870
868
863
863
862
862
862
860
858
857
857
857
855
854
852
851
850
849
849
848
847
845
845
844
844
844
844
844
842
840
839
837
837
837
834
833
832
831
831
830
830
829
829
828
827
827
826
825
823
822
821
821
820
819
819
818
818
816
814
813
813
812
811
811
808
806
806
804
801
798
796
796
795
791
791
789
789
789
788
787
786
785
785
785
784
784
784
783
783
781
779
779
778
778
777
775
775
774
772
770
770
768
766
765
765
764
764
763
761
760
759
759
759
758
757
757
757
757
756
756
754
751
751
751
748
747
747
747
747
746
745
745
745
744
742
742
739
738
737
737
735
734
734
729
729
728
728
727
727
727
726
726
726
726
725
724
723
722
720
719
718
717
717
715
714
714
714
714
713
712
711
711
710
708
707
707
707
704
703
702
702
702
702
701
700
698
696
696
695
691
689
688
688
688
688
687
686
685
685
685
683
683
683
680
680
679
677
673
672
670
670
667
667
666
666
665
662
662
661
657
656
656
655
655
653
650
649
647
647
647
645
645
644
641
640
638
634
633
632
632
630
628
628
628
628
627
626
625
625
625
625
624
623
622
618
618
617
614
613
609
609
608
607
606
604
604
604
600
600
599
598
598
597
595
592
592
592
592
591
591
590
590
587
586
585
584
584
581
580
580
580
579
578
577
576
575
574
573
571
570
569
569
569
568
566
566
565
564
563
562
560
559
557
557
556
556
554
553
552
552
551
551
549
549
549
549
548
547
547
546
546
546
545
545
544
544
543
542
541
540
540
540
538
538
538
536
536
534
533
532
527
526
526
526
525
524
524
524
524
523
522
520
520
518
518
517
516
515
515
515
512
510
508
507
507
507
506
505
505
503
502
502
502
501
500
500
499
497
496
495
495
493
492
491
490
489
488
488
488
487
482
481
478
477
475
475
474
474
472
472
472
471
470
470
468
468
466
466
465
465
464
461
459
457
452
449
448
444
439
439
439
439
437
436
435
435
435
434
433
431
431
430
428
424
421
421
420
419
418
417
417
416
416
415
413
412
411
410
409
408
406
403
403
402
400
397
396
396
394
394
393
392
391
391
390
390
388
387
386
384
381
377
375
375
374
372
372
371
370
370
370
369
368
367
367
367
366
365
364
363
359
358
357
357
356
354
354
354
353
351
351
350
349
348
348
345
345
343
342
341
341
340
340
339
337
337
337
336
336
335
334
333
333
331
331
331
330
330
329
329
327
327
322
320
317
317
315
314
314
313
313
312
312
312
312
310
309
307
307
306
305
304
304
303
303
302
301
301
296
295
294
293
292
292
290
287
287
286
285
284
283
282
281
281
280
277
277
277
276
275
275
273
272
272
268
268
267
265
264
264
262
262
262
261
261
260
260
259
259
259
257
256
256
256
255
254
252
251
251
251
250
248
248
247
247
247
245
244
243
243
242
242
240
240
240
240
240
237
237
237
234
233
231
231
230
229
228
226
225
225
224
224
224
223
221
221
221
221
221
218
218
215
214
212
211
211
210
206
206
203
203
202
201
199
199
199
198
198
197
197
196
196
194
193
192
190
190
189
187
187
186
184
184
183
183
182
180
179
178
178
177
177
177
174
174
173
173
170
168
167
167
167
166
165
162
162
160
158
156
156
156
155
154
153
152
151
146
146
145
145
145
145
143
142
142
141
141
140
140
140
139
139
139
137
136
134
133
133
132
128
127
124
123
123
123
123
121
120
120
120
120
120
119
118
117
117
117
116
115
113
112
111
109
109
109
109
108
106
106
104
104
103
103
103
99
98
98
97
97
96
96
96
94
93
91
91
90
88
86
86
84
84
84
83
83
82
82
81
80
80
80
79
79
78
78
78
76
75
75
75
75
73
73
70
69
68
67
67
66
65
62
62
58
57
56
55
55
55
54
53
52
51
51
51
50
49
48
47
46
45
45
43
43
43
41
40
39
39
36
36
34
33
33
31
29
29
29
27
26
26
24
24
24
24
23
23
22
21
17
17
11
10
9
9
7
7
6
4
2
1
1
